    unsorted:	 39.47841810 0.004934943195 37.89731055 80.13516151 69.78874177 109.0122570 129.6958143 174.4449885 250.7904159 276.2855075 295.9937261 382.1490056 508.0863546 602.8059358 958.1344725 1078.466744 1121.023211 1165.506762 1351.770212 1541.416891 1666.884704 1701.212964 1878.438763 1947.232042 2007.697953 2503.279918 3477.362575 3865.945030 4182.240803 5643.855412 6548.866807 6998.701780 8898.959371 9184.415966 10582.31290 13511.82429 25629.50040 31181.91959 35759.34825 58367.16798 69426.54557 75552.99018 81873.55917 88877.65111 161649.4943 4412666.139
      sorted:	 0.004934943195 37.89731055 39.47841810 69.78874177 80.13516151 109.0122570 129.6958143 174.4449885 250.7904159 276.2855075 295.9937261 382.1490056 508.0863546 602.8059358 958.1344725 1078.466744 1121.023211 1165.506762 1351.770212 1541.416891 1666.884704 1701.212964 1878.438763 1947.232042 2007.697953 2503.279918 3477.362575 3865.945030 4182.240803 5643.855412 6548.866807 6998.701780 8898.959371 9184.415966 10582.31290 13511.82429 25629.50040 31181.91959 35759.34825 58367.16798 69426.54557 75552.99018 81873.55917 88877.65111 161649.4943 4412666.139
