    unsorted:	 246.7401105 0.004934943197 240.0573254 241.7269108 391.8270492 92.62842821 781.9374746 873.9216130 1604.500819 1622.443711 1789.176233 2213.223535 2479.151162 2609.114334 3117.733012 3968.384729 4297.264656 4726.035343 5173.345539 5699.997826 6266.909478 6544.186594 6926.708152 7156.511533 7680.392418 8136.655713 8645.348132 9903.084153 10333.08629 12044.89141 14252.71192 17181.41722 17679.19774 18465.36772 21269.46578 27274.41198 29962.04401 53251.06847 55493.03687 67210.64549 105944.2255 140525.8669 154765.1892 197463.3600 271186.9198 368672.6146 450829.9693 2290015.636
      sorted:	 0.004934943197 92.62842821 240.0573254 241.7269108 246.7401105 391.8270492 781.9374746 873.9216130 1604.500819 1622.443711 1789.176233 2213.223535 2479.151162 2609.114334 3117.733012 3968.384729 4297.264656 4726.035343 5173.345539 5699.997826 6266.909478 6544.186594 6926.708152 7156.511533 7680.392418 8136.655713 8645.348132 9903.084153 10333.08629 12044.89141 14252.71192 17181.41722 17679.19774 18465.36772 21269.46578 27274.41198 29962.04401 53251.06847 55493.03687 67210.64549 105944.2255 140525.8669 154765.1892 197463.3600 271186.9198 368672.6146 450829.9693 2290015.636
