    unsorted:	 246.7401105 0.004934943194 242.2614739 268.3930265 308.7310254 454.4436550 153.1405917 105.2330686 84.97275216 38.98901836 49.27281102 550.1934826 532.7782912 613.8630927 790.2833367 793.4987901 864.2903181 947.1072631 957.9054955 1054.821472 1137.911386 1231.897915 1416.115151 1523.096662 1791.101160 1985.669405 2196.711639 2474.720738 2850.902867 3056.544107 3602.949999 4148.141899 5323.789961 5790.021034 6634.044867 7432.613480 9101.655170 9535.637255 12135.77625 11857.66228 23735.69522 28895.62802 37875.92968 64003.56863 67099.00470 74906.92046 79669.86269 103597.3754 189728.6389 979484.3517
      sorted:	 0.004934943194 38.98901836 49.27281102 84.97275216 105.2330686 153.1405917 242.2614739 246.7401105 268.3930265 308.7310254 454.4436550 532.7782912 550.1934826 613.8630927 790.2833367 793.4987901 864.2903181 947.1072631 957.9054955 1054.821472 1137.911386 1231.897915 1416.115151 1523.096662 1791.101160 1985.669405 2196.711639 2474.720738 2850.902867 3056.544107 3602.949999 4148.141899 5323.789961 5790.021034 6634.044867 7432.613480 9101.655170 9535.637255 11857.66228 12135.77625 23735.69522 28895.62802 37875.92968 64003.56863 67099.00470 74906.92046 79669.86269 103597.3754 189728.6389 979484.3517
