    unsorted:	 246.7401105 0.004934943226 240.0573255 241.7269081 391.8270713 92.62841315 781.9374484 873.9216919 1604.500834 1622.443722 1789.176141 2213.223487 2479.151213 2609.114244 3117.733022 3968.384749 4297.264691 4726.035309 5173.345492 5699.997839 6266.909500 6544.186639 6926.708156 7156.511598 7680.392419 8136.655759 8645.348189 9903.084188 10333.08634 12044.89145 14252.71198 17181.41726 17679.19786 18465.36774 21269.46580 27274.41199 29962.04404 53251.06872 55493.03685 67210.64569 105944.2262 140525.8674 154765.1898 197463.3603 271186.9206 368672.6150 450829.9793 2290015.628
      sorted:	 0.004934943226 92.62841315 240.0573255 241.7269081 246.7401105 391.8270713 781.9374484 873.9216919 1604.500834 1622.443722 1789.176141 2213.223487 2479.151213 2609.114244 3117.733022 3968.384749 4297.264691 4726.035309 5173.345492 5699.997839 6266.909500 6544.186639 6926.708156 7156.511598 7680.392419 8136.655759 8645.348189 9903.084188 10333.08634 12044.89145 14252.71198 17181.41726 17679.19786 18465.36774 21269.46580 27274.41199 29962.04404 53251.06872 55493.03685 67210.64569 105944.2262 140525.8674 154765.1898 197463.3603 271186.9206 368672.6150 450829.9793 2290015.628
