    unsorted:	 39.47841810 38.46718239 107.9007258 34.18786145 61.35259121 147.4198198 172.9621400 261.5302541 294.2126365 408.8676331 570.1907375 639.1929719 972.7997540 1026.400084 1424.511748 1559.514173 2050.338549 2497.036834 2878.257678 3961.850550 4583.329942 5802.919321 6705.078974 7359.379726 10571.37607 11601.36143 29064.05882 72201.69581 88008.49598 239960.8838 1953949.047
      sorted:	 34.18786145 38.46718239 39.47841810 61.35259121 107.9007258 147.4198198 172.9621400 261.5302541 294.2126365 408.8676331 570.1907375 639.1929719 972.7997540 1026.400084 1424.511748 1559.514173 2050.338549 2497.036834 2878.257678 3961.850550 4583.329942 5802.919321 6705.078974 7359.379726 10571.37607 11601.36143 29064.05882 72201.69581 88008.49598 239960.8838 1953949.047
