    unsorted:	 39.47841810 38.41094997 96.12939895 192.9682205 207.0815736 401.9773141 706.0176512 652.2620139 1526.153088 1352.459443 1714.151330 1751.054632 2661.115349 3421.550616 4461.421912 4831.791277 5359.461490 5850.999742 6852.320673 6751.671726 7010.676638 8066.831214 9469.821874 10848.92597 11282.35965 15561.29938 17058.19386 18637.66653 23270.36350 27285.95917 41878.21486 53473.86799 91564.00401 313327.7395 470801.2433 4062132.311
      sorted:	 38.41094997 39.47841810 96.12939895 192.9682205 207.0815736 401.9773141 652.2620139 706.0176512 1352.459443 1526.153088 1714.151330 1751.054632 2661.115349 3421.550616 4461.421912 4831.791277 5359.461490 5850.999742 6751.671726 6852.320673 7010.676638 8066.831214 9469.821874 10848.92597 11282.35965 15561.29938 17058.19386 18637.66653 23270.36350 27285.95917 41878.21486 53473.86799 91564.00401 313327.7395 470801.2433 4062132.311
