    unsorted:	 246.7401105 241.6542457 417.3745420 197.7721670 190.0153603 844.3254363 809.2143561 1451.070964 1576.602892 1944.456407 2142.710919 2332.257555 3226.042692 3756.793262 4290.508523 4746.596903 5067.800467 5601.238660 6487.741381 6840.561227 7399.932245 8006.655082 8442.443840 9630.730815 11370.23137 11333.71216 16181.17094 18734.16027 22905.44261 27712.71995 41515.72694 53888.94044 89760.88513 299834.8233 416085.9001 1807192.871
      sorted:	 190.0153603 197.7721670 241.6542457 246.7401105 417.3745420 809.2143561 844.3254363 1451.070964 1576.602892 1944.456407 2142.710919 2332.257555 3226.042692 3756.793262 4290.508523 4746.596903 5067.800467 5601.238660 6487.741381 6840.561227 7399.932245 8006.655082 8442.443840 9630.730815 11333.71216 11370.23137 16181.17094 18734.16027 22905.44261 27712.71995 41515.72694 53888.94044 89760.88513 299834.8233 416085.9001 1807192.871
